precise_DPE/over_air/loadData/carg2880.17i
     1.0            IONOSPHERE MAPS     MIX                 IONEX VERSION / TYPE
GIM_AOE V1.0        LZSH                2017-10-16 09:55:51 PGM / RUN BY / DATE
Global ionospheric map produced by aoe                      DESCRIPTION
Contact address: Li Zishen                                  DESCRIPTION
                                Chinese Academy of Sciences DESCRIPTION
                              Navigation Headquarter of CAS DESCRIPTION
                 Dengzhuang south Road,Beijing,China,100094 DESCRIPTION
                                   Email:lizishen@aoe.ac.cn DESCRIPTION
  2017    10    15     0     0  0.00                        EPOCH OF FIRST MAP
  2017    10    16     0     0  0.00                        EPOCH OF LAST MAP
  1800.0                                                    INTERVAL
    49                                                      # OF MAPS IN FILE
  COSZ                                                      MAPPING FUNCTION
     0.0                                                    ELEVATION CUTOFF
TEC is obtained by adjusted uncombined raw observation      OBSERVABLES USED
  6371.4                                                    BASE RADIUS 
     2                                                      MAP DIMENSION
   450.0 450.0   0.0                                        HGT1 / HGT2 / DHGT
    87.5 -87.5  -2.5                                        LAT1 / LAT2 / DLAT
  -180.0 180.0   5.0                                        LON1 / LON2 / DLON
    -1                                                      EXPONENT
TEC values in 0.1 tec units;  9999, if no value available   COMMENT
DCB values in nanoseconds, reference is Sum_of_SatDCBs = 0  COMMENT
                                                            END OF HEADER
[from data line 8151]
    20                                                      START OF TEC MAP
  2017    10    15     9    30     0                        EPOCH OF CURRENT MAP
    87.5-180.0 180.0   5.0 450.0                            LAT/LON1/LON2/DLON/H
   58   58   59   59   59   59   60   60   60   60   60   60   60   61   61   61
   61   61   61   61   61   61   61   62   62   62   62   62   62   62   61   61
   61   61   61   60   60   60   59   59   58   58   58   57   56   56   55   55
   55   54   54   54   53   53   53   53   53   53   53   53   53   54   54   54
   55   55   56   56   56   57   57   58   58
    85.0-180.0 180.0   5.0 450.0                            LAT/LON1/LON2/DLON/H
   54   55   55   55   56   56   56   56   56   56   56   56   56   56   56   56
   56   56   56   57   57   57   57   58   58   58   59   59   59   59   59   59
   59   59   59   59   58   57   57   56   55   54   53   51   50   49   48   46
   45   44   43   43   42   42   41   41   41   42   42   42   43   44   45   46
   47   48   49   50   51   52   53   53   54
    82.5-180.0 180.0   5.0 450.0                            LAT/LON1/LON2/DLON/H
   49   50   50   50   50   50   50   49   49   48   48   48   47   47   47   47
   47   48   48   49   49   50   50   51   51   52   53   53   54   54   55   55
   55   55   55   55   54   54   53   52   50   49   47   45   43   41   39   37
   35   33   32   31   30   29   29   29   29   29   30   31   32   34   35   37
   38   40   42   43   45   46   47   48   49
    80.0-180.0 180.0   5.0 450.0                            LAT/LON1/LON2/DLON/H
   44   45   45   45   44   43   43   42   41   40   39   38   38   37   37   38
   38   39   39   40   41   42   43   44   44   45   46   46   47   47   48   49
   49   50   50   50   50   49   48   47   45   43   41   39   36   34   31   29
   26   24   23   21   20   20   19   19   20   20   21   23   24   26   27   29
   31   33   35   37   39   41   42   43   44
    77.5-180.0 180.0   5.0 450.0                            LAT/LON1/LON2/DLON/H
   40   40   40   40   38   37   36   34   33   31   30   29   29   29   29   30
   31   32   33   35   36   37   38   39   39   39   40   40   40   41   41   42
   43   44   44   45   45   45   44   43   41   40   37   35   32   29   26   24
   22   20   18   17   16   16   16   16   17   17   18   20   21   22   24   26
   27   29   31   33   35   37   38   39   40
    75.0-180.0 180.0   5.0 450.0                            LAT/LON1/LON2/DLON/H
   37   37   37   36   34   33   31   29   27   25   24   23   23   23   24   25
   27   29   31   33   35   36   37   37   37   37   36   36   36   36   36   37
   37   38   39   40   41   41   41   40   39   37   35   33   31   28   26   23
   22   20   19   19   19   19   19   20   21   21   22   23   23   24   25   26
   27   28   30   31   33   34   36   37   37
    72.5-180.0 180.0   5.0 450.0                            LAT/LON1/LON2/DLON/H
   35   35   35   34   32   30   28   26   23   22   21   20   20   21   22   24
   27   29   32   35   37   38   39   39   38   37   35   34   33   32   32   33
   33   34   35   37   37   38   38   38   38   37   36   34   32   30   29   27
   26   26   26   26   27   28   29   30   30   30   30   30   30   29   29   29
   29   29   30   31   32   33   34   35   35
    70.0-180.0 180.0   5.0 450.0                            LAT/LON1/LON2/DLON/H
   35   35   34   33   32   30   27   25   23   21   20   20   20   21   23   26
   29   32   35   38   40   42   42   42   40   38   36   34   32   31   30   30
   31   32   33   34   35   36   37   38   38   38   38   37   36   35   34   34
   34   34   36   37   38   40   41   42   42   42   41   40   38   36   35   33
   32   31   31   31   31   32   33   34   35
    67.5-180.0 180.0   5.0 450.0                            LAT/LON1/LON2/DLON/H
   35   35   35   34   32   30   28   26   24   23   22   22   22   24   26   28
   31   34   37   40   43   44   45   44   42   39   36   34   32   30   30   30
   31   31   32   33   35   36   37   38   39   40   41   41   41   41   42   42
   43   44   46   48   50   52   53   54   54   52   50   48   45   42   39   36
   34   32   31   31   31   32   33   34   35
    65.0-180.0 180.0   5.0 450.0                            LAT/LON1/LON2/DLON/H
   35   35   35   34   33   31   29   28   26   25   24   24   25   26   28   30
   32   35   38   41   43   45   45   44   42   39   36   34   32   31   31   31
   32   32   33   34   35   36   38   39   41   43   45   46   47   48   49   50
   51   53   56   58   61   62   63   63   62   59   56   53   49   45   42   38
   35   32   31   30   31   32   33   34   35
    62.5-180.0 180.0   5.0 450.0                            LAT/LON1/LON2/DLON/H
   35   35   35   34   33   32   30   28   27   26   25   25   26   27   29   30
   32   34   36   39   41   42   43   42   40   37   35   33   31   31   32   33
   34   35   35   36   36   37   39   42   44   47   50   52   53   54   56   57
   59   61   64   67   69   70   70   69   66   62   58   54   50   46   42   38
   35   32   30   30   30   32   33   34   35
    60.0-180.0 180.0   5.0 450.0                            LAT/LON1/LON2/DLON/H
   35   35   35   34   33   31   30   28   27   25   25   25   26   27   28   29
   30   32   33   35   36   38   38   37   36   34   32   31   31   32   34   35
   37   38   38   38   39   40   42   45   48   51   54   57   59   60   62   64
   66   68   71   74   75   76   75   72   68   63   58   53   49   45   42   38
   35   33   31   31   31   33   34   35   35
    57.5-180.0 180.0   5.0 450.0                            LAT/LON1/LON2/DLON/H
   36   35   34   32   31   30   29   27   26   24   24   24   25   26   28   29
   29   30   30   31   32   33   33   32   31   30   29   30   31   33   36   38
   40   41   42   42   43   44   46   49   52   56   59   62   64   66   68   70
   73   76   79   81   82   82   80   76   70   64   59   53   49   46   43   40
   37   35   34   34   34   35   36   36   36
    55.0-180.0 180.0   5.0 450.0                            LAT/LON1/LON2/DLON/H
   38   36   33   32   30   30   29   27   25   23   22   22   23   25   27   28
   29   29   29   29   29   30   29   29   28   27   28   30   32   35   38   41
   43   45   46   46   47   49   51   54   57   61   64   67   69   72   75   78
   81   84   87   89   90   89   86   81   75   68   62   57   53   50   48   46
   43   41   40   40   40   41   41   40   38
    52.5-180.0 180.0   5.0 450.0                            LAT/LON1/LON2/DLON/H
   42   38   34   32   31   30   30   28   26   24   22   21   22   24   26   28
   30   30   30   29   29   29   28   27   27   27   29   31   35   38   41   44
   47   49   50   52   53   54   56   59   63   66   70   73   75   78   82   86
   90   94   97   98   99   97   94   90   83   76   69   64   61   59   57   55
   53   51   49   49   50   50   49   46   42
    50.0-180.0 180.0   5.0 450.0                            LAT/LON1/LON2/DLON/H
   49   42   38   34   33   33   33   32   30   27   24   22   23   24   27   30
   32   32   32   32   31   30   29   28   28   29   31   35   38   42   45   47
   50   53   55   58   59   61   63   65   69   72   75   79   82   85   90   95
  100  104  106  107  107  105  103   99   93   87   80   75   72   70   69   67
   65   62   60   60   61   61   59   54   49
    47.5-180.0 180.0   5.0 450.0                            LAT/LON1/LON2/DLON/H
   57   49   43   39   38   38   39   38   36   33   29   26   25   26   28   31
   34   35   35   34   33   32   30   30   30   32   35   39   43   46   49   51
   54   58   61   64   66   67   69   71   74   78   81   85   88   93   98  103
  108  112  113  112  111  110  108  107  103   98   92   86   83   82   81   79
   76   73   71   71   72   72   69   64   57
    45.0-180.0 180.0   5.0 450.0                            LAT/LON1/LON2/DLON/H
   65   57   50   46   44   45   46   46   45   41   37   32   29   29   31   33
   36   37   37   36   35   33   32   31   32   35   39   43   47   50   53   55
   59   63   67   70   72   73   74   76   80   84   88   92   95  100  105  110
  114  116  116  113  110  109  109  110  109  106  101   96   93   92   91   88
   84   81   79   79   81   82   79   73   65
    42.5-180.0 180.0   5.0 450.0                            LAT/LON1/LON2/DLON/H
   73   64   57   53   51   51   52   54   53   50   45   40   35   33   33   35
   37   38   37   36   34   33   32   32   34   37   42   47   51   54   57   60
   64   69   73   76   77   77   78   81   85   90   95   99  102  106  110  114
  117  117  114  109  104  103  105  109  111  111  107  102   99   97   95   92
   87   83   81   82   86   88   86   81   73
    40.0-180.0 180.0   5.0 450.0                            LAT/LON1/LON2/DLON/H
   77   70   64   59   56   56   57   59   60   58   54   48   43   39   37   37
   38   38   37   35   33   32   32   33   35   39   43   48   53   58   62   65
   70   75   80   82   82   81   81   84   90   96  102  107  110  113  115  117
  118  116  110  103   96   94   98  105  111  113  110  105  101   99   96   91
   85   80   78   80   85   89   88   84   77
    37.5-180.0 180.0   5.0 450.0                            LAT/LON1/LON2/DLON/H
   78   72   67   63   60   58   59   61   63   63   61   56   51   46   43   41
   40   38   36   34   31   31   31   33   36   39   43   49   55   61   67   72
   77   83   86   87   86   84   84   88   95  104  111  116  119  120  121  121
  120  116  109  100   92   89   94  103  112  116  113  108  103   99   95   88
   80   73   70   73   79   84   86   83   78
    35.0-180.0 180.0   5.0 450.0                            LAT/LON1/LON2/DLON/H
   75   72   68   65   61   58   58   60   63   65   65   62   58   54   50   47
   44   41   38   34   32   31   33   35   38   40   43   48   55   64   72   79
   85   90   93   93   90   88   88   94  103  113  121  127  130  131  130  129
  127  123  116  106   98   95  100  111  121  125  123  116  110  104   97   88
   76   67   63   65   71   77   80   78   75
    32.5-180.0 180.0   5.0 450.0                            LAT/LON1/LON2/DLON/H
   70   68   67   64   60   56   54   56   59   63   66   67   65   62   59   55
   51   47   42   38   35   35   38   40   41   41   42   47   56   67   78   87
   93   98  100   99   96   94   96  103  114  125  134  140  143  145  144  143
  143  141  136  129  121  118  123  133  143  146  142  133  125  117  107   94
   79   66   59   59   64   69   72   71   70
    30.0-180.0 180.0   5.0 450.0                            LAT/LON1/LON2/DLON/H
   64   64   64   63   59   55   51   51   54   59   65   69   70   70   67   63
   59   55   50   45   42   43   45   47   46   44   42   46   56   70   84   94
  101  105  107  107  105  104  108  117  129  140  150  156  161  163  165  166
  168  171  171  168  163  160  164  172  179  180  173  162  151  141  128  111
   91   74   63   59   61   64   65   64   64
    27.5-180.0 180.0   5.0 450.0                            LAT/LON1/LON2/DLON/H
   59   60   62   62   60   55   51   49   51   56   63   69   73   75   74   71
   67   64   59   54   51   52   54   55   53   47   43   46   58   74   89  101
  108  112  115  117  118  120  126  135  147  159  167  175  181  187  192  197
  204  213  220  223  221  219  221  226  229  225  215  202  189  176  160  139
  115   93   77   68   65   64   63   61   59
    25.0-180.0 180.0   5.0 450.0                            LAT/LON1/LON2/DLON/H
   59   59   62   64   63   59   55   52   52   55   61   68   74   77   76   75
   73   70   67   62   60   60   62   62   58   50   44   47   59   77   93  105
  112  117  123  129  135  141  149  159  170  179  187  195  205  215  225  235
  247  262  277  286  288  287  286  287  284  275  262  247  233  219  200  176
  149  123  102   87   78   72   67   62   59
    22.5-180.0 180.0   5.0 450.0                            LAT/LON1/LON2/DLON/H
   64   62   65   68   69   67   63   60   58   58   62   67   73   75   75   74
   73   72   71   67   65   65   67   66   60   51   45   47   60   79   96  107
  114  121  131  144  155  165  175  185  194  201  207  216  230  245  260  274
  290  311  332  347  353  352  349  345  336  323  306  290  277  263  243  217
  188  160  135  115  100   88   79   70   64
    20.0-180.0 180.0   5.0 450.0                            LAT/LON1/LON2/DLON/H
   75   70   71   74   77   77   75   72   68   65   65   67   70   71   70   68
   68   69   69   67   65   65   66   64   58   49   44   48   62   80   96  106
  114  124  140  159  177  191  202  211  217  222  227  237  254  274  293  310
  329  353  378  397  404  403  398  390  376  358  339  324  312  300  281  256
  227  198  170  147  127  110   97   85   75
    17.5-180.0 180.0   5.0 450.0                            LAT/LON1/LON2/DLON/H
   90   82   80   82   86   88   88   85   80   75   71   69   68   66   63   60
   60   62   64   63   61   60   60   58   52   45   42   48   62   80   94  104
  112  125  147  174  198  216  227  234  238  240  245  256  276  300  321  339
  358  382  408  427  435  433  426  414  397  376  356  343  334  324  307  284
  258  231  204  178  155  135  119  103   90
    15.0-180.0 180.0   5.0 450.0                            LAT/LON1/LON2/DLON/H
  108   95   90   90   92   96   98   97   93   86   78   73   68   63   57   52
   51   54   56   55   53   51   50   48   44   40   40   49   63   79   92  100
  109  127  154  187  216  236  246  252  254  255  260  272  294  319  341  358
  375  396  419  436  442  439  431  417  398  375  356  344  339  332  319  299
  277  255  231  205  181  160  141  124  108
    12.5-180.0 180.0   5.0 450.0                            LAT/LON1/LON2/DLON/H
  125  109   99   96   97  100  104  106  103   95   86   78   71   63   55   48
   46   47   49   49   46   43   40   37   35   35   39   50   64   79   89   97
  108  128  160  197  228  249  259  263  265  266  271  285  307  332  353  367
  379  396  414  427  430  425  417  403  384  360  341  333  330  326  316  300
  283  266  247  224  200  180  161  143  125
    10.0-180.0 180.0   5.0 450.0                            LAT/LON1/LON2/DLON/H
  139  120  107  100   98  100  105  110  109  102   92   83   76   68   60   51
   47   46   46   45   42   37   33   29   28   31   40   52   66   79   88   96
  108  131  165  203  235  254  263  267  270  274  280  294  315  338  356  367
  375  387  400  407  407  401  393  381  362  339  321  313  313  311  302  289
  277  266  252  233  212  193  176  158  139
     7.5-180.0 180.0   5.0 450.0                            LAT/LON1/LON2/DLON/H
  149  129  114  103   98   98  103  109  111  106   96   88   83   77   70   61
   54   51   49   47   42   36   30   26   26   31   42   56   69   81   89   98
  112  136  170  207  236  253  261  266  272  278  286  299  319  339  353  361
  367  375  384  387  383  377  371  362  344  321  303  295  294  291  282  271
  263  257  247  232  215  199  185  168  149
     5.0-180.0 180.0   5.0 450.0                            LAT/LON1/LON2/DLON/H
  154  136  120  107   99   96  100  107  110  106   97   91   89   88   84   76
   67   61   57   53   47   40   33   28   28   34   46   60   73   84   93  103
  119  143  174  208  233  248  256  263  271  281  290  303  319  336  347  353
  358  366  373  374  369  363  359  352  336  313  293  283  279  274  264  252
  245  242  236  225  211  199  187  172  154
     2.5-180.0 180.0   5.0 450.0                            LAT/LON1/LON2/DLON/H
  157  141  127  115  104   99  102  108  110  105   96   91   93   97   97   91
   82   73   66   60   55   48   40   34   33   40   51   65   76   87   99  112
  129  151  179  207  229  242  250  259  271  283  294  304  317  331  340  346
  353  362  370  371  366  361  359  355  340  317  293  279  272  264  250  236
  228  225  221  213  203  193  184  172  157
