precise_DPE/over_air/loadData/carg2880.17i
     1.0            IONOSPHERE MAPS     MIX                 IONEX VERSION / TYPE
GIM_AOE V1.0        LZSH                2017-10-16 09:55:51 PGM / RUN BY / DATE
Global ionospheric map produced by aoe                      DESCRIPTION
Contact address: Li Zishen                                  DESCRIPTION
                                Chinese Academy of Sciences DESCRIPTION
                              Navigation Headquarter of CAS DESCRIPTION
                 Dengzhuang south Road,Beijing,China,100094 DESCRIPTION
                                   Email:lizishen@aoe.ac.cn DESCRIPTION
  2017    10    15     0     0  0.00                        EPOCH OF FIRST MAP
  2017    10    16     0     0  0.00                        EPOCH OF LAST MAP
  1800.0                                                    INTERVAL
    49                                                      # OF MAPS IN FILE
  COSZ                                                      MAPPING FUNCTION
     0.0                                                    ELEVATION CUTOFF
TEC is obtained by adjusted uncombined raw observation      OBSERVABLES USED
  6371.4                                                    BASE RADIUS 
     2                                                      MAP DIMENSION
   450.0 450.0   0.0                                        HGT1 / HGT2 / DHGT
    87.5 -87.5  -2.5                                        LAT1 / LAT2 / DLAT
  -180.0 180.0   5.0                                        LON1 / LON2 / DLON
    -1                                                      EXPONENT
TEC values in 0.1 tec units;  9999, if no value available   COMMENT
DCB values in nanoseconds, reference is Sum_of_SatDCBs = 0  COMMENT
                                                            END OF HEADER
[from data line 6006]
    15                                                      START OF TEC MAP
  2017    10    15     7     0     0                        EPOCH OF CURRENT MAP
    87.5-180.0 180.0   5.0 450.0                            LAT/LON1/LON2/DLON/H
   49   50   51   52   53   54   55   55   56   57   58   59   59   60   61   61
   62   62   62   63   63   63   63   63   63   63   63   62   62   62   61   61
   60   60   59   59   58   58   57   57   56   55   55   54   54   53   52   52
   51   51   50   49   49   48   48   47   47   46   46   46   46   45   45   45
   45   46   46   46   47   47   48   49   49
    85.0-180.0 180.0   5.0 450.0                            LAT/LON1/LON2/DLON/H
   41   43   45   47   49   51   52   54   56   57   59   60   61   62   63   64
   65   65   66   66   66   66   66   66   66   65   65   65   64   63   63   62
   61   60   59   58   57   56   56   55   54   53   53   52   51   51   50   49
   49   48   47   46   45   44   43   42   40   39   38   37   36   36   35   35
   35   35   35   36   36   37   39   40   41
    82.5-180.0 180.0   5.0 450.0                            LAT/LON1/LON2/DLON/H
   34   36   39   41   44   47   49   52   54   56   58   59   60   61   62   62
   63   63   63   63   63   63   64   63   63   63   63   62   61   60   59   58
   57   56   54   53   52   51   51   50   50   50   50   50   50   50   50   49
   49   49   48   47   46   44   43   41   39   37   35   33   31   29   28   27
   26   26   26   26   27   28   30   31   34
    80.0-180.0 180.0   5.0 450.0                            LAT/LON1/LON2/DLON/H
   27   30   33   36   39   43   46   48   51   53   54   55   56   56   56   56
   56   55   55   55   55   56   56   56   57   57   57   56   55   54   53   51
   50   48   47   45   44   44   44   44   44   45   47   48   49   50   52   53
   53   53   53   53   52   50   48   46   43   40   37   33   30   28   25   23
   22   21   20   20   20   22   23   25   27
    77.5-180.0 180.0   5.0 450.0                            LAT/LON1/LON2/DLON/H
   24   26   29   32   36   39   42   45   47   48   49   50   50   49   48   47
   45   44   44   44   44   45   46   47   48   49   50   50   49   48   46   44
   41   39   37   36   35   35   36   37   39   41   44   47   50   53   55   58
   60   61   62   62   61   60   57   54   51   47   43   39   35   31   27   25
   22   21   19   19   19   19   20   22   24
    75.0-180.0 180.0   5.0 450.0                            LAT/LON1/LON2/DLON/H
   24   25   27   30   32   35   38   40   42   44   44   44   43   41   39   37
   34   33   32   32   33   34   36   39   41   43   44   45   44   42   40   37
   34   31   28   27   26   27   28   31   34   38   43   47   52   56   60   64
   67   69   71   72   72   70   68   65   61   56   51   46   41   37   33   30
   27   25   24   23   22   22   22   23   24
    72.5-180.0 180.0   5.0 450.0                            LAT/LON1/LON2/DLON/H
   26   26   27   28   30   32   34   36   38   39   39   39   37   34   31   28
   26   24   23   23   24   26   29   33   36   39   42   43   42   40   36   32
   28   24   21   19   19   21   23   27   32   37   43   48   54   59   64   68
   72   75   78   79   80   79   76   73   69   63   58   53   48   43   40   37
   35   33   31   30   29   28   27   26   26
    70.0-180.0 180.0   5.0 450.0                            LAT/LON1/LON2/DLON/H
   29   28   27   26   27   28   30   32   34   35   36   35   33   30   27   24
   21   19   17   18   19   22   26   30   35   39   42   43   42   40   35   30
   25   20   17   15   15   18   21   26   32   38   44   50   55   60   65   69
   74   77   80   82   83   82   80   77   73   68   62   57   52   48   45   43
   42   41   40   39   38   36   34   32   29
    67.5-180.0 180.0   5.0 450.0                            LAT/LON1/LON2/DLON/H
   33   30   27   25   24   25   26   28   30   32   33   33   31   29   26   23
   20   18   17   18   19   22   26   31   36   41   44   45   44   41   36   30
   24   18   15   13   14   18   22   28   34   40   46   51   55   59   63   67
   71   74   78   80   81   81   80   77   73   69   64   59   54   51   49   48
   48   48   48   47   46   44   41   37   33
    65.0-180.0 180.0   5.0 450.0                            LAT/LON1/LON2/DLON/H
   37   32   28   24   23   22   23   25   28   30   31   32   31   29   27   25
   23   22   21   21   23   25   28   33   38   42   46   47   46   43   37   31
   24   19   15   15   17   20   26   32   38   43   47   50   53   56   59   62
   65   68   72   74   76   77   77   75   72   68   64   59   55   53   52   52
   52   53   54   53   52   49   46   41   37
    62.5-180.0 180.0   5.0 450.0                            LAT/LON1/LON2/DLON/H
   39   34   29   25   22   21   21   23   26   29   31   31   31   30   29   27
   27   26   26   27   27   28   30   34   38   42   45   47   46   42   37   31
   25   20   18   18   20   25   30   36   41   45   48   49   50   51   53   55
   58   62   65   68   71   73   74   74   73   70   66   62   59   56   55   55
   56   57   57   57   55   52   49   44   39
    60.0-180.0 180.0   5.0 450.0                            LAT/LON1/LON2/DLON/H
   40   35   30   26   23   21   21   23   26   29   31   31   31   30   29   29
   30   31   31   31   31   31   31   33   36   39   42   43   43   40   35   30
   25   22   20   22   25   30   35   40   44   46   47   47   47   48   49   51
   55   58   62   65   69   72   75   77   78   77   74   70   67   64   62   61
   61   61   60   59   56   53   50   45   40
    57.5-180.0 180.0   5.0 450.0                            LAT/LON1/LON2/DLON/H
   42   38   34   30   27   25   24   25   27   30   31   31   30   29   28   29
   30   32   34   34   33   31   30   30   32   34   36   37   37   34   31   27
   24   23   23   26   29   34   39   43   46   47   47   46   46   47   49   52
   57   61   65   69   73   77   81   85   88   89   88   85   81   77   73   71
   69   66   64   61   57   54   50   46   42
    55.0-180.0 180.0   5.0 450.0                            LAT/LON1/LON2/DLON/H
   45   42   39   36   33   31   30   30   31   32   32   31   29   27   26   26
   29   31   34   34   33   30   28   26   27   28   29   30   30   28   25   23
   22   23   26   29   33   37   41   44   47   48   48   47   48   50   54   60
   66   71   76   79   83   87   93   99  104  107  107  104   99   94   89   84
   80   75   69   64   59   55   51   48   45
    52.5-180.0 180.0   5.0 450.0                            LAT/LON1/LON2/DLON/H
   50   48   47   45   42   40   38   36   36   35   34   32   28   25   23   23
   25   28   31   32   31   28   25   23   23   23   24   24   23   21   20   20
   21   24   27   32   36   39   43   46   48   49   50   51   54   58   65   74
   82   89   93   96   98  101  107  114  120  124  125  123  119  113  107  100
   93   86   78   71   64   59   55   52   50
    50.0-180.0 180.0   5.0 450.0                            LAT/LON1/LON2/DLON/H
   56   56   56   55   53   51   48   45   42   40   37   33   28   24   21   20
   22   25   28   29   28   26   24   22   21   21   21   20   18   17   16   17
   20   24   29   34   38   41   44   47   50   53   56   59   63   71   81   93
  103  111  114  114  114  115  119  125  132  137  139  137  133  127  121  114
  106   97   88   80   72   66   62   58   56
    47.5-180.0 180.0   5.0 450.0                            LAT/LON1/LON2/DLON/H
   63   63   64   65   65   62   58   53   49   45   41   36   31   26   22   20
   21   23   25   26   26   26   24   24   23   22   21   19   17   15   15   16
   20   26   32   37   41   44   47   50   55   59   64   69   76   86   99  112
  124  132  134  131  127  125  126  130  136  140  142  141  138  134  129  123
  116  108   99   90   82   76   70   66   63
    45.0-180.0 180.0   5.0 450.0                            LAT/LON1/LON2/DLON/H
   70   69   71   74   75   73   68   61   55   50   45   41   36   31   27   24
   23   23   24   25   26   27   27   28   27   26   24   22   19   17   16   18
   22   28   35   41   45   48   51   56   61   68   75   81   90  101  115  129
  142  148  148  143  135  128  125  126  130  133  134  133  132  130  128  126
  121  114  107   99   93   86   79   73   70
    42.5-180.0 180.0   5.0 450.0                            LAT/LON1/LON2/DLON/H
   73   72   75   80   82   81   75   68   60   54   50   46   43   39   35   32
   28   26   26   26   28   30   32   33   33   32   29   26   24   22   21   22
   26   32   39   46   50   54   58   63   70   79   86   94  102  113  127  141
  152  157  155  147  136  126  119  116  116  117  116  116  116  118  120  121
  120  116  111  106  101   95   87   79   73
    40.0-180.0 180.0   5.0 450.0                            LAT/LON1/LON2/DLON/H
   73   71   75   81   85   85   79   71   64   57   54   52   51   49   45   41
   36   32   29   29   30   34   37   39   39   37   34   31   30   29   28   28
   30   36   44   52   58   62   66   73   81   90   98  105  112  122  133  145
  155  158  154  144  132  120  111  105  101   99   97   96   98  102  107  112
  114  114  112  110  107  101   92   81   73
    37.5-180.0 180.0   5.0 450.0                            LAT/LON1/LON2/DLON/H
   70   66   71   79   85   85   81   73   65   59   57   56   57   57   55   50
   44   38   34   32   34   38   42   44   43   40   37   36   37   37   36   34
   35   41   49   59   66   71   76   83   91  101  108  114  120  126  135  144
  150  152  147  139  128  117  108  100   95   90   86   84   86   91   99  106
  110  111  112  112  110  104   93   80   70
    35.0-180.0 180.0   5.0 450.0                            LAT/LON1/LON2/DLON/H
   64   60   64   73   81   83   79   72   65   60   58   59   61   63   62   57
   50   43   38   36   38   42   45   47   45   41   39   40   43   44   43   40
   40   44   54   65   75   81   86   93  101  110  117  121  125  128  133  139
  143  143  140  135  129  123  116  110  103   97   92   88   89   93  100  107
  110  112  112  113  112  106   93   77   64
    32.5-180.0 180.0   5.0 450.0                            LAT/LON1/LON2/DLON/H
   59   54   58   67   75   77   75   70   64   60   59   60   63   65   65   61
   54   47   43   41   42   45   48   48   45   40   39   42   47   51   49   44
   42   47   58   71   82   90   95  101  109  118  124  127  129  130  132  135
  137  137  137  138  140  141  141  138  133  127  120  115  113  114  118  120
  121  119  118  118  116  108   93   74   59
    30.0-180.0 180.0   5.0 450.0                            LAT/LON1/LON2/DLON/H
   58   51   54   62   69   72   71   68   64   61   59   59   61   64   64   61
   55   50   47   46   47   49   50   49   44   39   38   43   51   56   53   46
   42   47   60   76   89   96  101  107  115  124  130  133  134  133  134  136
  137  139  143  151  163  174  183  185  183  178  171  164  158  155  152  149
  143  137  133  130  125  115   97   75   58
    27.5-180.0 180.0   5.0 450.0                            LAT/LON1/LON2/DLON/H
   64   54   55   61   66   69   69   68   66   63   60   58   59   61   61   59
   55   52   51   51   52   53   53   50   43   38   37   43   53   58   54   45
   40   46   61   79   92  100  105  111  120  129  137  140  141  141  142  144
  146  151  160  175  197  219  236  245  247  244  238  229  220  210  200  189
  177  165  156  149  142  128  107   83   64
    25.0-180.0 180.0   5.0 450.0                            LAT/LON1/LON2/DLON/H
   78   66   64   66   68   69   69   70   70   67   62   58   57   58   58   57
   56   56   57   58   58   57   55   51   44   38   37   44   53   58   52   42
   37   43   60   80   94  102  106  113  122  134  143  149  152  153  156  160
  166  173  186  209  239  270  295  310  315  315  309  300  287  272  255  237
  218  201  187  177  166  150  126  100   78
    22.5-180.0 180.0   5.0 450.0                            LAT/LON1/LON2/DLON/H
  102   87   80   77   75   73   74   76   77   74   67   60   57   57   58   59
   59   61   64   65   65   62   59   54   46   40   38   44   53   55   48   37
   32   41   59   79   93  100  105  113  124  138  151  159  164  169  175  183
  192  203  220  246  282  319  349  367  376  377  373  363  348  329  307  284
  260  239  222  210  197  178  153  125  102
    20.0-180.0 180.0   5.0 450.0                            LAT/LON1/LON2/DLON/H
  133  115  103   94   87   83   83   86   86   82   73   65   60   61   63   64
   66   69   73   74   71   66   62   56   49   42   39   44   50   51   43   32
   29   39   59   79   91   97  102  112  126  143  158  170  178  186  197  210
  224  237  255  282  319  358  389  409  418  421  418  409  393  372  348  322
  297  275  258  245  231  212  186  158  133
    17.5-180.0 180.0   5.0 450.0                            LAT/LON1/LON2/DLON/H
  168  148  131  117  105   98   96   97   97   91   81   71   67   69   72   75
   77   80   83   82   77   70   64   59   52   45   41   42   46   45   36   27
   26   39   60   78   88   93   99  110  127  147  165  180  191  203  219  237
  255  270  287  312  346  382  412  430  438  441  438  431  417  397  374  349
  324  304  288  276  264  245  221  193  168
    15.0-180.0 180.0   5.0 450.0                            LAT/LON1/LON2/DLON/H
  204  182  161  141  125  115  111  110  108  100   89   79   76   80   85   89
   90   92   92   89   82   73   66   61   55   48   42   41   42   39   31   23
   26   41   61   77   86   90   96  109  127  149  170  188  202  217  237  260
  282  298  312  332  359  390  415  430  437  438  436  430  418  402  383  361
  340  322  310  301  291  275  253  228  204
    12.5-180.0 180.0   5.0 450.0                            LAT/LON1/LON2/DLON/H
  236  213  189  166  146  133  126  123  118  108   95   87   86   92  100  103
  104  103  101   95   85   75   68   63   58   50   42   39   38   34   27   22
   28   45   64   77   83   86   94  108  128  150  173  193  210  228  251  278
  302  318  329  341  361  384  404  416  420  420  417  412  404  393  378  361
  344  330  322  316  310  298  280  258  236
    10.0-180.0 180.0   5.0 450.0                            LAT/LON1/LON2/DLON/H
  261  239  213  188  166  150  140  133  125  113  100   93   95  104  113  116
  115  111  106   99   88   78   70   66   60   51   43   37   35   31   25   23
   32   49   66   77   81   84   93  108  128  151  174  195  214  235  260  289
  314  330  336  342  354  371  386  395  397  396  393  389  384  377  367  355
  341  329  324  321  318  310  297  280  261
     7.5-180.0 180.0   5.0 450.0                            LAT/LON1/LON2/DLON/H
  278  257  232  206  182  165  152  142  130  115  102   97  101  112  122  125
  121  115  109  101   91   80   73   68   62   54   44   38   34   30   26   26
   36   53   68   76   79   84   94  109  128  150  174  197  217  239  265  295
  320  334  337  338  344  356  369  377  379  377  373  369  365  362  356  346
  334  323  318  318  317  313  305  293  278
     5.0-180.0 180.0   5.0 450.0                            LAT/LON1/LON2/DLON/H
  285  268  245  219  196  177  162  148  133  117  104   99  105  117  128  129
  123  115  108  101   93   84   77   72   66   57   47   40   36   32   29   31
   40   55   68   75   78   84   96  112  130  150  174  198  220  242  268  296
  320  333  334  332  335  345  357  366  370  369  364  359  355  353  349  339
  326  314  308  308  309  308  303  296  285
     2.5-180.0 180.0   5.0 450.0                            LAT/LON1/LON2/DLON/H
  285  272  252  228  206  187  171  154  136  119  106  101  108  120  129  129
  121  111  105  100   94   87   81   76   69   60   51   44   39   36   33   35
   44   56   67   72   77   86  100  116  133  152  175  200  223  244  268  294
  316  328  330  328  331  341  355  366  373  372  367  360  354  351  346  336
  320  305  297  296  296  296  295  292  285
