precise_DPE/over_air/loadData/carg2880.17i
     1.0            IONOSPHERE MAPS     MIX                 IONEX VERSION / TYPE
GIM_AOE V1.0        LZSH                2017-10-16 09:55:51 PGM / RUN BY / DATE
Global ionospheric map produced by aoe                      DESCRIPTION
Contact address: Li Zishen                                  DESCRIPTION
                                Chinese Academy of Sciences DESCRIPTION
                              Navigation Headquarter of CAS DESCRIPTION
                 Dengzhuang south Road,Beijing,China,100094 DESCRIPTION
                                   Email:lizishen@aoe.ac.cn DESCRIPTION
  2017    10    15     0     0  0.00                        EPOCH OF FIRST MAP
  2017    10    16     0     0  0.00                        EPOCH OF LAST MAP
  1800.0                                                    INTERVAL
    49                                                      # OF MAPS IN FILE
  COSZ                                                      MAPPING FUNCTION
     0.0                                                    ELEVATION CUTOFF
TEC is obtained by adjusted uncombined raw observation      OBSERVABLES USED
  6371.4                                                    BASE RADIUS 
     2                                                      MAP DIMENSION
   450.0 450.0   0.0                                        HGT1 / HGT2 / DHGT
    87.5 -87.5  -2.5                                        LAT1 / LAT2 / DLAT
  -180.0 180.0   5.0                                        LON1 / LON2 / DLON
    -1                                                      EXPONENT
TEC values in 0.1 tec units;  9999, if no value available   COMMENT
DCB values in nanoseconds, reference is Sum_of_SatDCBs = 0  COMMENT
                                                            END OF HEADER
[from data line 19305]
    46                                                      START OF TEC MAP
  2017    10    15    22    30     0                        EPOCH OF CURRENT MAP
    87.5-180.0 180.0   5.0 450.0                            LAT/LON1/LON2/DLON/H
   42   43   43   44   44   44   45   45   45   45   45   45   45   44   44   44
   43   43   42   42   41   41   40   39   39   38   37   37   36   36   35   35
   34   34   34   33   33   33   33   33   33   33   33   33   33   33   34   34
   34   34   34   35   35   35   35   36   36   36   37   37   37   38   38   38
   39   39   40   40   41   41   42   42   42
    85.0-180.0 180.0   5.0 450.0                            LAT/LON1/LON2/DLON/H
   43   44   45   46   47   48   49   49   50   50   50   50   50   50   49   48
   47   46   45   44   42   41   39   38   36   35   33   32   31   30   29   28
   28   27   27   26   26   26   26   26   26   27   27   27   28   28   29   29
   30   30   30   31   31   31   32   32   32   32   33   33   34   34   35   35
   36   37   37   38   39   40   41   42   43
    82.5-180.0 180.0   5.0 450.0                            LAT/LON1/LON2/DLON/H
   42   44   45   47   49   50   52   53   54   55   55   55   55   55   54   52
   51   49   47   45   42   40   37   35   33   31   29   27   25   24   23   22
   21   21   20   20   19   19   20   20   20   21   21   22   23   24   24   25
   26   26   27   27   28   28   28   28   28   28   28   28   29   29   30   30
   31   32   33   34   36   37   39   40   42
    80.0-180.0 180.0   5.0 450.0                            LAT/LON1/LON2/DLON/H
   40   42   45   47   49   51   53   55   57   58   59   59   59   59   58   56
   54   51   48   45   42   38   35   32   29   27   25   23   21   20   19   18
   17   17   16   15   15   15   15   15   15   16   17   18   19   20   21   22
   23   24   24   24   24   24   24   24   24   24   23   23   24   24   25   26
   27   28   29   31   32   34   36   38   40
    77.5-180.0 180.0   5.0 450.0                            LAT/LON1/LON2/DLON/H
   39   42   44   46   49   51   54   56   58   60   61   62   62   62   61   59
   56   53   50   46   41   37   33   30   27   24   22   21   20   19   19   18
   17   17   16   15   14   13   13   12   13   13   14   15   16   17   18   19
   20   21   21   21   21   21   21   20   20   20   19   19   20   20   21   22
   24   25   27   29   31   33   35   37   39
    75.0-180.0 180.0   5.0 450.0                            LAT/LON1/LON2/DLON/H
   39   42   44   46   49   51   54   56   58   60   62   63   64   64   63   61
   59   55   51   46   42   37   33   29   26   24   23   22   22   22   22   22
   21   20   19   17   16   14   13   12   11   12   12   13   14   15   16   17
   18   18   19   19   18   18   18   17   17   17   17   17   18   19   20   22
   24   25   27   29   31   33   35   37   39
    72.5-180.0 180.0   5.0 450.0                            LAT/LON1/LON2/DLON/H
   41   43   45   47   49   51   54   56   58   60   62   63   64   65   64   63
   61   57   53   48   43   38   34   30   27   25   25   25   26   27   28   28
   28   26   24   22   19   16   14   13   12   11   12   12   13   14   15   15
   16   16   16   16   15   15   15   15   15   15   16   17   18   19   21   24
   26   28   30   31   33   35   37   39   41
    70.0-180.0 180.0   5.0 450.0                            LAT/LON1/LON2/DLON/H
   43   45   47   49   51   52   54   55   57   59   61   62   64   65   65   65
   63   60   56   51   46   41   36   32   29   28   28   29   31   32   34   34
   33   32   29   26   22   19   16   14   12   12   12   13   13   14   14   14
   14   13   13   12   13   13   14   14   15   16   17   18   20   22   24   27
   29   31   33   34   36   37   39   41   43
    67.5-180.0 180.0   5.0 450.0                            LAT/LON1/LON2/DLON/H
   45   47   50   51   53   53   54   55   56   57   59   61   63   65   66   66
   65   63   59   55   50   45   39   35   32   31   31   32   34   36   37   37
   36   34   31   27   23   20   17   14   13   13   13   14   14   15   14   13
   12   11   11   10   10   12   13   15   17   18   20   21   23   26   28   31
   33   35   36   37   38   39   40   43   45
    65.0-180.0 180.0   5.0 450.0                            LAT/LON1/LON2/DLON/H
   48   51   53   55   55   55   55   55   55   56   57   59   62   64   66   67
   67   65   63   59   54   49   44   39   35   33   32   33   34   35   36   35
   34   32   29   25   22   19   16   14   14   14   15   16   16   16   15   14
   12   12   12   12   11   11   14   17   20   22   24   25   27   30   33   35
   37   38   39   38   39   40   42   44   48
    62.5-180.0 180.0   5.0 450.0                            LAT/LON1/LON2/DLON/H
   52   55   58   58   58   57   55   54   54   54   56   58   61   63   66   67
   68   67   66   63   59   54   48   42   37   34   32   31   31   31   31   29
   28   25   23   20   18   16   15   14   14   15   16   18   19   19   18   15
   13   13   13   13   13   13   17   21   24   27   28   30   31   34   37   39
   41   41   41   40   39   41   43   47   52
    60.0-180.0 180.0   5.0 450.0                            LAT/LON1/LON2/DLON/H
   57   61   63   63   61   58   56   54   53   53   55   57   60   63   65   67
   68   68   68   66   62   58   52   46   40   34   31   28   26   25   23   21
   19   17   16   15   14   14   14   14   15   16   18   20   22   22   21   19
   15   12   11   10   12   16   21   26   29   31   33   34   35   38   41   44
   45   45   44   42   42   43   47   52   57
    57.5-180.0 180.0   5.0 450.0                            LAT/LON1/LON2/DLON/H
   66   70   70   68   64   60   56   53   52   52   54   56   59   62   65   67
   68   68   68   67   65   61   56   49   42   35   30   26   22   19   16   13
   11   11   10   11   13   14   15   15   16   18   20   23   25   25   25   23
   20   17   15   15   17   20   25   30   34   36   36   37   38   41   45   49
   51   51   50   48   48   50   55   61   66
    55.0-180.0 180.0   5.0 450.0                            LAT/LON1/LON2/DLON/H
   78   80   78   73   67   61   56   53   52   52   54   56   59   62   65   66
   67   67   67   67   66   64   60   53   45   38   31   25   21   17   13   13
   12   12   12   11   14   17   18   19   20   21   23   25   28   29   29   28
   26   24   22   21   22   25   30   34   37   38   39   39   41   46   52   57
   60   61   60   58   59   62   67   74   78
    52.5-180.0 180.0   5.0 450.0                            LAT/LON1/LON2/DLON/H
   92   91   85   77   69   62   57   55   54   54   54   56   59   63   65   66
   66   65   65   66   67   67   64   58   50   42   34   28   24   19   15   12
   12   12   12   16   20   23   24   24   24   25   26   29   31   32   33   33
   32   31   30   29   29   30   33   36   39   40   40   41   45   51   59   67
   73   75   74   73   74   78   84   90   92
    50.0-180.0 180.0   5.0 450.0                            LAT/LON1/LON2/DLON/H
  106  101   91   80   70   63   59   58   57   57   57   58   61   64   66   67
   66   64   64   66   69   70   68   63   56   47   40   34   30   27   23   20
   18   18   21   25   29   31   32   31   30   30   31   32   34   36   37   38
   38   39   38   37   35   35   35   37   38   39   40   43   48   58   69   80
   88   91   92   91   93   97  102  106  106
    47.5-180.0 180.0   5.0 450.0                            LAT/LON1/LON2/DLON/H
  117  108   95   82   71   66   64   64   64   63   62   61   63   66   68   69
   68   66   65   67   71   74   73   69   62   54   47   42   39   37   34   31
   29   29   32   35   39   40   39   37   36   35   36   37   38   39   40   41
   44   45   46   44   41   38   37   36   37   38   40   44   53   65   80   94
  104  108  110  110  112  116  120  121  117
    45.0-180.0 180.0   5.0 450.0                            LAT/LON1/LON2/DLON/H
  123  111   96   82   73   69   70   73   74   72   69   67   67   69   72   73
   72   69   68   71   75   78   78   74   67   59   53   50   48   48   46   44
   42   41   42   45   46   46   45   42   41   40   41   41   42   42   42   44
   47   51   52   51   47   42   38   36   36   37   41   47   58   74   92  107
  118  123  125  126  128  131  133  131  123
    42.5-180.0 180.0   5.0 450.0                            LAT/LON1/LON2/DLON/H
  126  111   96   83   76   75   80   85   88   85   80   75   73   75   79   80
   79   76   74   76   80   83   83   78   71   63   58   55   55   56   56   54
   52   50   50   50   50   49   47   45   44   45   46   46   46   45   45   47
   50   54   57   56   51   45   39   36   35   37   42   51   64   82  102  119
  130  134  135  136  138  140  140  136  126
    40.0-180.0 180.0   5.0 450.0                            LAT/LON1/LON2/DLON/H
  126  112   97   86   82   85   92  100  104  101   93   86   83   84   88   90
   88   85   82   83   86   87   85   79   72   65   60   58   58   59   60   59
   57   54   52   50   49   47   45   45   45   47   49   50   50   49   48   49
   52   57   60   60   55   48   42   37   37   39   45   55   71   90  111  127
  137  140  140  140  142  143  142  137  126
    37.5-180.0 180.0   5.0 450.0                            LAT/LON1/LON2/DLON/H
  129  117  105   96   94   98  108  117  121  118  110  100   95   96   99  102
  100   95   92   91   92   90   85   77   70   64   60   57   57   58   60   60
   57   53   50   46   44   42   41   42   45   48   51   52   53   52   52   52
   54   58   62   63   59   52   45   41   40   43   49   60   77   97  118  132
  140  140  139  139  141  143  143  138  129
    35.0-180.0 180.0   5.0 450.0                            LAT/LON1/LON2/DLON/H
  138  130  121  115  113  117  125  134  139  137  128  117  111  110  113  115
  112  107  102   99   96   91   83   74   68   63   59   56   53   54   55   56
   54   50   45   41   37   36   36   39   43   47   51   53   55   56   56   56
   57   60   63   64   62   56   50   46   45   47   54   65   82  103  122  135
  140  138  136  137  140  144  145  143  138
    32.5-180.0 180.0   5.0 450.0                            LAT/LON1/LON2/DLON/H
  157  154  148  142  138  139  145  152  157  155  147  136  128  127  129  129
  125  118  111  106  100   91   79   70   66   64   61   56   51   49   50   52
   51   47   41   36   32   31   32   36   41   46   50   53   57   60   62   62
   61   62   64   65   64   60   55   51   50   52   58   69   86  107  125  136
  139  136  135  137  142  149  154  157  157
    30.0-180.0 180.0   5.0 450.0                            LAT/LON1/LON2/DLON/H
  186  188  184  177  170  166  166  170  173  173  166  156  148  145  145  144
  138  128  119  112  103   90   77   68   67   70   68   60   51   47   48   51
   51   47   41   35   31   30   32   37   42   46   49   53   58   64   68   68
   66   64   64   64   64   62   58   55   53   55   60   72   89  110  128  138
  140  137  137  142  151  161  171  179  186
    27.5-180.0 180.0   5.0 450.0                            LAT/LON1/LON2/DLON/H
  222  227  225  216  204  195  189  187  189  189  185  176  167  163  162  159
  149  137  126  117  107   92   77   70   74   82   81   71   58   50   51   55
   56   52   46   40   36   34   36   41   46   49   51   55   62   70   75   75
   71   66   63   62   62   62   59   56   55   56   61   72   90  112  130  141
  143  143  146  155  168  182  196  210  222
    25.0-180.0 180.0   5.0 450.0                            LAT/LON1/LON2/DLON/H
  260  267  264  252  238  224  212  206  204  205  202  194  185  180  178  173
  161  146  133  124  113   97   82   78   87  100  102   88   70   60   60   65
   67   64   58   52   47   44   45   50   55   57   58   61   68   77   83   82
   75   67   61   58   58   58   57   55   53   54   59   71   90  113  133  146
  151  154  162  175  192  209  226  244  260
    22.5-180.0 180.0   5.0 450.0                            LAT/LON1/LON2/DLON/H
  292  299  294  282  266  251  236  224  220  220  219  212  203  197  194  188
  174  156  142  134  124  108   93   92  107  124  127  110   88   74   75   80
   83   80   75   69   64   60   60   64   68   70   71   73   79   86   90   87
   78   67   57   53   52   53   52   50   48   49   56   69   90  115  137  152
  161  169  181  199  218  236  256  276  292
    20.0-180.0 180.0   5.0 450.0                            LAT/LON1/LON2/DLON/H
  314  319  312  300  287  274  258  244  236  236  236  231  221  214  211  204
  189  169  155  148  141  126  111  112  131  152  154  134  107   92   92   99
  101   99   94   90   85   80   79   82   86   89   89   90   94   98   98   92
   79   65   53   47   45   45   45   43   41   43   52   68   91  118  142  160
  172  185  202  223  243  261  279  299  314
    17.5-180.0 180.0   5.0 450.0                            LAT/LON1/LON2/DLON/H
  322  323  314  305  299  292  280  264  254  254  256  251  240  232  229  223
  207  186  172  168  163  150  136  137  157  179  179  155  125  109  110  117
  120  117  115  113  110  105  101  103  107  111  112  112  112  111  105   94
   79   62   49   41   38   38   37   35   34   38   48   67   92  121  147  167
  183  200  221  243  262  278  294  310  322
    15.0-180.0 180.0   5.0 450.0                            LAT/LON1/LON2/DLON/H
  319  315  305  299  303  306  299  284  274  275  279  275  262  252  249  245
  229  208  195  193  192  180  164  164  183  203  200  173  140  124  127  134
  136  134  134  136  136  131  126  126  129  133  135  135  131  124  111   95
   76   59   45   36   33   32   30   28   27   33   47   68   96  125  152  174
  192  212  235  257  273  285  298  311  319
    12.5-180.0 180.0   5.0 450.0                            LAT/LON1/LON2/DLON/H
  308  301  290  290  303  317  317  304  295  299  307  303  288  276  272  270
  256  235  222  223  223  212  194  190  205  221  215  184  151  136  140  148
  149  148  151  159  163  159  152  148  150  153  156  155  148  135  116   94
   74   56   42   33   29   28   26   23   23   30   47   71  100  130  157  179
  198  219  242  263  276  284  294  304  308
    10.0-180.0 180.0   5.0 450.0                            LAT/LON1/LON2/DLON/H
  299  289  277  282  305  328  333  323  317  326  338  336  318  302  298  297
  286  266  253  254  256  244  223  214  223  235  224  191  158  146  151  159
  159  158  165  179  188  186  176  168  165  167  169  168  160  142  118   93
   71   54   41   32   28   26   24   21   22   30   49   75  105  135  161  181
  200  221  243  262  272  278  287  297  299
     7.5-180.0 180.0   5.0 450.0                            LAT/LON1/LON2/DLON/H
  297  286  275  283  311  340  348  340  337  353  371  371  351  330  325  325
  316  298  285  286  287  274  249  234  238  244  229  195  163  153  161  167
  165  165  177  197  211  210  197  183  175  172  173  172  164  144  117   90
   69   54   42   33   29   27   25   22   22   32   52   80  110  139  163  182
  199  218  239  255  264  270  281  293  297
     5.0-180.0 180.0   5.0 450.0                            LAT/LON1/LON2/DLON/H
  306  297  287  295  325  354  362  354  355  378  404  406  382  357  350  352
  346  328  314  314  315  299  272  251  249  250  233  198  168  160  169  174
  170  169  184  209  227  227  212  192  176  168  166  165  158  139  113   87
   67   54   43   35   31   30   27   24   25   35   56   84  114  141  163  181
  196  213  232  246  255  264  280  298  306
     2.5-180.0 180.0   5.0 450.0                            LAT/LON1/LON2/DLON/H
  325  320  311  318  345  370  374  365  370  400  432  435  408  379  370  375
  372  355  340  337  336  319  289  266  260  257  238  203  174  168  176  179
  172  170  186  213  234  235  218  192  169  155  149  148  143  128  105   83
   66   54   45   37   33   31   30   27   27   37   58   86  115  141  162  178
  191  206  222  236  247  260  284  310  325
