precise_DPE/over_air/loadData/carg2880.17i
     1.0            IONOSPHERE MAPS     MIX                 IONEX VERSION / TYPE
GIM_AOE V1.0        LZSH                2017-10-16 09:55:51 PGM / RUN BY / DATE
Global ionospheric map produced by aoe                      DESCRIPTION
Contact address: Li Zishen                                  DESCRIPTION
                                Chinese Academy of Sciences DESCRIPTION
                              Navigation Headquarter of CAS DESCRIPTION
                 Dengzhuang south Road,Beijing,China,100094 DESCRIPTION
                                   Email:lizishen@aoe.ac.cn DESCRIPTION
  2017    10    15     0     0  0.00                        EPOCH OF FIRST MAP
  2017    10    16     0     0  0.00                        EPOCH OF LAST MAP
  1800.0                                                    INTERVAL
    49                                                      # OF MAPS IN FILE
  COSZ                                                      MAPPING FUNCTION
     0.0                                                    ELEVATION CUTOFF
TEC is obtained by adjusted uncombined raw observation      OBSERVABLES USED
  6371.4                                                    BASE RADIUS 
     2                                                      MAP DIMENSION
   450.0 450.0   0.0                                        HGT1 / HGT2 / DHGT
    87.5 -87.5  -2.5                                        LAT1 / LAT2 / DLAT
  -180.0 180.0   5.0                                        LON1 / LON2 / DLON
    -1                                                      EXPONENT
TEC values in 0.1 tec units;  9999, if no value available   COMMENT
DCB values in nanoseconds, reference is Sum_of_SatDCBs = 0  COMMENT
                                                            END OF HEADER
[from data line 15444]
    37                                                      START OF TEC MAP
  2017    10    15    18     0     0                        EPOCH OF CURRENT MAP
    87.5-180.0 180.0   5.0 450.0                            LAT/LON1/LON2/DLON/H
   36   37   37   37   38   38   39   39   40   40   41   41   42   42   43   44
   44   45   45   45   46   46   46   47   47   47   47   47   47   47   47   47
   47   47   47   47   46   46   46   46   45   45   44   44   44   43   43   42
   42   41   41   40   40   39   39   38   38   38   37   37   36   36   36   36
   36   35   35   35   35   36   36   36   36
    85.0-180.0 180.0   5.0 450.0                            LAT/LON1/LON2/DLON/H
   32   32   33   34   34   35   36   37   38   39   41   42   43   44   45   46
   47   48   49   50   51   51   52   52   52   53   53   53   53   53   52   52
   52   51   51   51   50   50   49   49   48   48   47   47   46   46   45   44
   43   43   42   41   40   39   38   37   36   35   34   33   32   32   31   31
   30   30   30   30   30   30   31   31   32
    82.5-180.0 180.0   5.0 450.0                            LAT/LON1/LON2/DLON/H
   28   29   30   31   32   33   34   36   37   39   40   42   44   45   47   49
   50   52   53   54   55   56   57   57   58   58   58   57   57   57   56   55
   55   54   54   53   53   52   52   51   51   50   50   49   49   48   47   46
   46   44   43   42   41   39   38   36   35   33   32   30   29   28   27   27
   26   26   26   26   26   27   27   28   28
    80.0-180.0 180.0   5.0 450.0                            LAT/LON1/LON2/DLON/H
   27   28   28   29   30   31   32   34   36   38   40   42   44   46   49   51
   53   55   57   59   60   61   62   62   62   62   61   61   60   59   58   57
   56   55   54   54   53   52   52   52   51   51   51   50   50   49   49   48
   47   46   45   43   41   40   38   36   34   32   30   29   28   26   25   25
   24   24   24   24   25   25   26   26   27
    77.5-180.0 180.0   5.0 450.0                            LAT/LON1/LON2/DLON/H
   27   28   28   28   29   30   31   32   34   36   39   42   44   47   50   53
   56   58   61   62   64   65   66   66   66   65   64   63   61   60   58   57
   55   54   53   52   51   51   50   50   50   49   49   49   49   49   49   48
   47   46   45   43   41   39   37   36   34   32   30   29   27   26   25   25
   24   24   25   25   25   26   27   27   27
    75.0-180.0 180.0   5.0 450.0                            LAT/LON1/LON2/DLON/H
   29   29   28   28   28   29   29   31   33   36   39   42   45   49   52   55
   58   61   64   66   68   69   69   69   69   67   66   63   61   59   57   55
   53   51   50   49   48   47   47   46   46   46   46   46   46   46   46   45
   45   44   42   41   39   37   36   34   33   32   31   30   29   28   27   27
   27   27   27   28   28   29   29   29   29
    72.5-180.0 180.0   5.0 450.0                            LAT/LON1/LON2/DLON/H
   32   31   29   28   27   28   29   30   33   36   40   43   47   50   54   57
   61   64   67   70   72   73   73   73   71   69   67   63   60   57   54   51
   49   47   46   44   43   42   41   41   40   40   39   39   40   40   40   40
   40   39   37   36   35   33   32   32   32   32   32   32   32   31   31   30
   30   30   31   32   32   33   33   33   32
    70.0-180.0 180.0   5.0 450.0                            LAT/LON1/LON2/DLON/H
   35   33   30   28   27   27   28   31   34   38   42   46   50   53   57   60
   63   67   70   73   75   77   77   77   75   72   68   63   59   54   50   47
   44   42   40   39   38   36   35   34   33   32   32   32   32   33   33   33
   33   32   31   30   28   28   28   29   30   32   33   35   36   36   36   35
   35   34   35   36   36   37   37   37   35
    67.5-180.0 180.0   5.0 450.0                            LAT/LON1/LON2/DLON/H
   37   34   31   28   26   27   29   32   36   41   46   50   53   56   59   62
   66   69   73   77   80   81   82   81   79   75   70   64   58   52   47   42
   39   36   35   33   31   30   28   27   25   24   24   24   25   26   26   26
   26   25   24   23   22   22   23   25   28   32   35   38   40   41   41   40
   38   38   38   38   39   40   40   39   37
    65.0-180.0 180.0   5.0 450.0                            LAT/LON1/LON2/DLON/H
   39   35   31   28   26   27   30   35   40   46   50   54   57   59   61   63
   67   71   75   80   83   86   87   86   84   79   73   66   59   51   45   39
   35   32   29   28   26   24   22   20   19   18   18   19   20   21   21   22
   21   20   19   18   17   17   19   22   27   32   38   42   45   46   45   43
   41   39   38   39   41   42   42   41   39
    62.5-180.0 180.0   5.0 450.0                            LAT/LON1/LON2/DLON/H
   39   35   31   28   27   29   33   39   45   51   55   57   59   60   61   63
   66   71   76   81   86   90   92   92   89   85   78   70   62   53   45   38
   33   29   26   24   22   20   18   16   15   15   15   16   18   19   20   20
   20   19   17   16   15   16   18   21   27   33   40   45   48   49   47   44
   41   38   37   38   40   42   43   42   39
    60.0-180.0 180.0   5.0 450.0                            LAT/LON1/LON2/DLON/H
   40   36   32   29   29   32   37   44   50   55   59   60   60   59   60   61
   65   70   76   82   88   93   96   96   95   90   84   76   66   57   47   39
   33   28   25   23   21   19   17   16   15   15   16   18   20   22   23   23
   22   21   20   19   18   18   20   23   28   35   41   47   50   50   48   44
   39   36   34   35   38   41   43   42   40
    57.5-180.0 180.0   5.0 450.0                            LAT/LON1/LON2/DLON/H
   41   37   34   32   33   36   42   49   55   59   61   61   59   58   57   59
   63   68   75   82   89   94   98  100   99   95   90   82   72   62   52   43
   36   30   26   24   22   21   19   18   18   20   22   25   27   29   29   29
   28   27   26   25   24   24   25   27   31   37   42   47   49   49   46   42
   37   33   31   33   36   40   42   43   41
    55.0-180.0 180.0   5.0 450.0                            LAT/LON1/LON2/DLON/H
   42   40   37   36   38   42   49   55   60   63   63   62   59   57   56   58
   62   68   75   81   88   94   98  101  101   99   94   88   79   69   59   49
   41   35   31   29   27   26   25   25   26   28   31   34   37   37   37   36
   35   34   34   34   34   33   33   34   36   39   42   46   47   47   44   39
   34   31   30   32   35   40   43   44   42
    52.5-180.0 180.0   5.0 450.0                            LAT/LON1/LON2/DLON/H
   45   43   42   42   45   50   56   61   65   66   65   63   60   58   58   60
   65   71   76   82   88   93   97  100  101  100   97   92   85   76   66   56
   47   41   37   35   34   34   34   34   35   38   42   45   46   46   44   42
   40   41   42   43   44   44   42   41   41   41   42   44   45   44   41   38
   34   31   31   33   37   41   45   46   45
    50.0-180.0 180.0   5.0 450.0                            LAT/LON1/LON2/DLON/H
   49   48   47   49   53   58   63   68   70   70   69   67   64   63   64   68
   72   77   82   85   89   92   96   99  101  101   99   96   90   82   73   63
   55   49   45   44   43   44   44   44   46   49   52   54   54   52   48   45
   44   45   48   52   54   53   51   48   46   44   43   42   42   41   40   38
   36   34   35   37   41   45   48   49   49
    47.5-180.0 180.0   5.0 450.0                            LAT/LON1/LON2/DLON/H
   53   53   54   57   62   67   72   75   76   76   75   74   73   73   76   80
   85   89   91   92   92   94   96   99  101  102  101   99   94   88   79   70
   62   56   53   52   53   54   54   55   56   58   60   60   59   55   50   46
   45   48   53   58   61   61   59   55   50   46   44   42   41   41   41   41
   40   40   41   43   46   49   51   52   53
    45.0-180.0 180.0   5.0 450.0                            LAT/LON1/LON2/DLON/H
   56   57   60   65   71   76   80   83   84   84   84   84   85   87   90   95
  101  104  104  102   99   98  100  102  104  105  105  102   99   92   84   75
   68   63   61   61   62   63   63   64   64   64   64   63   60   54   48   44
   44   48   55   62   66   67   64   59   54   49   46   43   43   43   44   45
   46   47   48   50   52   53   55   55   56
    42.5-180.0 180.0   5.0 450.0                            LAT/LON1/LON2/DLON/H
   59   62   66   73   79   85   89   91   92   93   95   97   99  102  106  112
  118  120  119  114  109  107  107  110  112  112  111  108  104   97   89   81
   74   70   68   69   70   71   71   71   69   68   65   62   57   52   46   43
   44   49   57   65   69   69   66   61   56   52   49   47   46   47   49   51
   53   54   55   55   56   57   57   57   59
    40.0-180.0 180.0   5.0 450.0                            LAT/LON1/LON2/DLON/H
   61   65   72   80   88   94   98  100  101  103  106  110  113  116  120  126
  132  135  133  127  121  118  119  122  124  124  122  118  112  104   95   86
   80   77   76   76   77   77   77   75   73   69   64   59   54   50   46   44
   46   52   61   67   71   70   66   61   58   55   53   52   52   53   55   57
   58   58   59   58   58   58   57   58   61
    37.5-180.0 180.0   5.0 450.0                            LAT/LON1/LON2/DLON/H
   62   68   77   86   95  103  107  109  110  113  117  121  124  126  130  136
  143  146  145  139  133  131  134  139  141  141  137  132  124  114  103   94
   89   87   86   85   83   82   81   79   75   69   62   57   53   50   49   50
   53   59   66   71   72   69   64   60   58   57   57   58   58   59   60   61
   60   60   59   58   57   56   56   58   62
    35.0-180.0 180.0   5.0 450.0                            LAT/LON1/LON2/DLON/H
   63   71   81   92  102  110  114  116  118  121  125  129  132  132  134  139
  147  152  152  148  144  145  150  157  161  160  156  149  139  127  114  105
  101  100   99   96   91   87   85   82   77   70   62   57   55   56   58   60
   64   68   73   75   73   68   62   58   57   59   61   63   64   65   64   63
   60   58   57   55   54   53   54   57   63
    32.5-180.0 180.0   5.0 450.0                            LAT/LON1/LON2/DLON/H
   64   75   86   97  107  115  120  122  123  126  130  134  136  134  134  138
  146  152  155  153  152  157  166  175  180  180  176  168  157  142  128  120
  118  118  116  110  101   94   89   86   81   74   66   61   61   66   71   75
   78   79   81   79   74   67   59   56   56   60   64   67   69   69   66   63
   58   55   52   51   50   50   52   56   64
    30.0-180.0 180.0   5.0 450.0                            LAT/LON1/LON2/DLON/H
   66   78   90  101  110  118  123  125  126  129  133  138  138  135  133  135
  142  150  154  155  158  167  179  190  196  197  194  187  175  159  145  138
  139  141  139  129  115  103   96   92   88   80   73   69   72   80   88   92
   92   90   87   83   76   67   59   55   56   60   65   69   71   70   67   61
   55   51   48   46   46   47   50   56   66
    27.5-180.0 180.0   5.0 450.0                            LAT/LON1/LON2/DLON/H
   68   81   93  104  112  119  124  126  128  131  136  141  143  139  134  134
  139  146  152  156  163  175  190  202  209  210  209  204  192  176  163  158
  163  168  166  152  133  116  106  101   96   90   83   81   86   96  104  107
  104   98   91   85   77   67   59   55   57   61   66   70   72   71   66   60
   53   48   45   44   44   45   49   57   68
    25.0-180.0 180.0   5.0 450.0                            LAT/LON1/LON2/DLON/H
   71   85   96  105  111  117  123  127  130  134  141  149  152  149  142  138
  140  146  152  158  168  183  200  212  217  219  220  217  208  193  181  180
  188  197  195  179  154  132  118  111  107  102   96   95  101  111  119  119
  111  101   92   84   77   69   62   58   59   63   67   71   72   71   66   59
   53   49   46   45   45   46   50   59   71
    22.5-180.0 180.0   5.0 450.0                            LAT/LON1/LON2/DLON/H
   74   87   99  106  110  115  121  127  133  140  150  161  168  166  158  150
  148  151  156  163  176  194  211  221  224  225  227  228  221  208  199  201
  214  227  225  206  177  150  132  124  119  115  110  110  115  124  129  126
  115  101   90   83   77   71   66   63   64   66   69   71   72   71   66   61
   56   52   51   50   49   49   53   61   74
    20.0-180.0 180.0   5.0 450.0                            LAT/LON1/LON2/DLON/H
   76   90  101  106  108  112  120  130  140  151  164  180  190  190  181  170
  163  163  166  174  189  208  224  232  231  230  234  237  234  223  216  222
  239  254  253  233  201  171  149  138  132  128  124  124  128  134  136  130
  116  100   88   81   78   75   72   70   70   71   72   73   73   72   68   64
   61   59   58   56   54   53   56   63   76
    17.5-180.0 180.0   5.0 450.0                            LAT/LON1/LON2/DLON/H
   78   93  103  107  108  111  122  137  152  166  183  202  216  218  208  193
  183  180  182  191  208  228  243  247  242  238  242  248  247  239  234  242
  261  278  277  257  225  192  167  153  146  141  138  136  138  142  141  133
  117  100   88   82   81   80   79   78   77   76   76   76   75   74   70   68
   67   67   66   63   60   57   58   66   78
    15.0-180.0 180.0   5.0 450.0                            LAT/LON1/LON2/DLON/H
   80   96  107  110  110  114  128  148  168  186  205  226  242  245  234  218
  205  200  203  214  232  252  267  267  258  252  255  262  264  258  254  262
  281  297  297  278  246  213  187  170  160  155  151  149  149  149  146  137
  121  104   93   87   86   86   86   85   83   82   80   79   78   76   73   72
   72   74   73   70   65   61   61   68   80
    12.5-180.0 180.0   5.0 450.0                            LAT/LON1/LON2/DLON/H
   83   99  112  116  115  121  138  163  188  208  227  248  264  267  256  239
  227  223  228  240  259  281  294  293  281  272  274  282  284  279  276  283
  300  313  312  294  265  235  207  188  176  170  166  163  160  158  154  145
  130  115  103   97   94   93   91   90   87   85   83   83   82   79   76   75
   76   79   78   74   68   63   63   70   83
    10.0-180.0 180.0   5.0 450.0                            LAT/LON1/LON2/DLON/H
   86  104  118  124  124  132  152  181  209  229  246  264  278  281  271  255
  246  245  253  267  287  309  323  321  308  298  298  306  308  304  300  305
  317  326  323  307  282  254  228  207  193  186  182  178  173  169  165  158
  145  131  119  110  103   98   94   91   88   86   84   85   84   82   78   76
   78   81   81   76   69   65   65   72   86
     7.5-180.0 180.0   5.0 450.0                            LAT/LON1/LON2/DLON/H
   90  110  126  133  136  145  169  200  228  246  259  272  284  286  278  266
  262  267  279  294  314  336  350  349  337  325  325  331  334  330  325  327
  334  337  331  316  296  272  248  227  212  204  200  195  188  183  179  174
  164  150  136  123  111  102   94   89   85   82   82   84   85   83   79   77
   78   81   80   75   69   65   66   74   90
     5.0-180.0 180.0   5.0 450.0                            LAT/LON1/LON2/DLON/H
   93  114  132  142  148  160  185  217  244  258  265  274  283  286  280  274
  277  289  304  319  336  357  372  373  363  352  350  355  358  354  349  348
  350  347  338  323  306  287  266  245  230  223  218  211  204  198  194  190
  181  168  152  134  117  101   90   82   77   75   77   82   84   83   78   75
   77   80   79   73   67   65   68   77   93
     2.5-180.0 180.0   5.0 450.0                            LAT/LON1/LON2/DLON/H
   96  117  137  150  158  172  198  230  253  262  265  271  279  284  283  283
  293  311  328  340  354  371  387  391  382  372  370  374  377  375  369  366
  363  355  342  327  313  298  280  261  247  239  233  226  217  211  207  202
  194  179  160  139  116   97   83   73   68   66   70   76   82   81   77   74
   76   78   77   72   66   65   69   79   96
